0000000000
0000000000
0000000000
0000000000
0000000000
0000000000
0000000000
0000000000
0000000000
0600000000
0600007000
0660007000
0550077003
0550010023
0405511223
4445501203  
0000400000
0000440000
0000400000
0000000000
0000000000
0000000000
0000000000	
0000000000
0000000000
0600000000
0600007000
0660007000
0550077003
0550010023
0405511223
4445501203 
0000000000
0000400000
0000440000
0000400000	  
0000000000
0000000000
0000000000
0000000000
0000000000
0600000000
0600007000
0660007000
0550077003
0550010023
0405511223
4445501203 
0000000000
0000000000
0000400000
0000440000
0000400000	  
0000000000
0000000000
0000000000
0000000000
0600000000
0600007000
0660007000
0550077003
0550010023
0405511223
4445501203 
0000000000
0000000000
0000000000
0000400000
0000440000
0000400000	  
0000000000
0000000000
0000000000
0600000000
0600007000
0660007000
0550077003
0550010023
0405511223
4445501203  
0000000000
0000000000
0000000000
0000000000
0000400000
0000440000
0000400000	  
0000000000
0000000000
0600000000
0600007000
0660007000
0550077003
0550010023
0405511223
4445501203 
0000000000
0000000000
0000000000
0000000000
0000040000
0000044000
0000040000	  
0000000000
0000000000
0600000000
0600007000
0660007000
0550077003
0550010023
0405511223
4445501203 
0000000000
0000000000
0000000000
0000000000
0000000000
0000040000
0000044000
0000040000	  
0000000000
0600000000
0600007000
0660007000
0550077003
0550010023
0405511223
4445501203 
0000000000
0000000000
0000000000
0000000000
0000000000
0000000000
0000040000
0000044000
0000040000	  
0600000000
0600007000
0660007000
0550077003
0550010023
0405511223
4445501203 
0000000000
0000000000
0000000000
0000000000
0000000000
0000000000
0000004000
0000004400
0000004000	  
0600000000
0600007000
0660007000
0550077003
0550010023
0405511223
4445501203 
0000000000
0000000000
0000000000
0000000000
0000000000
0000000000
0000000400
0000000440
0000000400
0600000000	  
0600007000
0660007000
0550077003
0550010023
0405511223
4445501203 
0000000000
0000000000
0000000000
0000000000
0000000000
0000000000
0000000000
0000000000
0000000400
0600000440	  
0600007400
0660007000
0550077003
0550010023
0405511223
4445501203 
0000000000
0000000000
0000000000
0000000000
0000000000
0000000000
0000000000
0000000000
0000000000
0600000400	  
0600007440
0660007400
0550077003
0550010023
0405511223
4445501203 
0000000000
0000000000
0000000000
0000000000
0000000000
0000000000
0000000000
0000000000
0000000000
0600000000	  
0600007400
0660007440
0550077403
0550010023
0405511223
4445501203 
0000000000
0000000000
0000000000
0000000000
0000000000
0000000000
0000000000
0000000000
0000000000
0600000000	  
0600007000
0660007400
0550077443
0550010423
0405511223
4445501203 